404693
508029
229364
769489
711297
772756
185956
522562
874500
953755
17274
921197
336862
508737
772522
206591
338201
935025
102607
157082
164672
292250
236098
820322
148861
167123
226858
412350
601982
10022
91583
832312
974670
346535
461974
131024
152317
973817
154478
933704
240536
993263
847995
904452
478372
71412
987197
574002
736274
782209
225827
506309
828160
200818
210338
615965
457939
114774
69066
361369
3791
888152
302818
754383
745553
921641
576697
460925
629545
240281
28216
197936
988233
243424
43658
16254
155484
149608
236673
892270
304688
219229
112967
400730
323662
134656
761763
392522
421080
74091
553646
791281
597907
687407
25773
502442
483592
331518
126082
374035
191335
473405
975593
950534
90444
629452
641186
574352
37393
603794
559931
176089
557165
188999
731059
844959
361649
885806
170526
28035
111891
833437
394513
345331
269345
937010
71057
925007
509687
618273
750856
610818
905445
691326
846663
946457
505755
520805
410664
324957
406122
805071
179555
957797
157539
279698
272896
172743
315972
641062
803450
728077
868756
61152
279905
278686
503237
797009
869291
166056
938901
896463
290677
736800
930202
316067
564026
34763
73579
877958
400937
335484
438372
772369
102980
820995
362107
589340
94316
584385
716507
170816
810524
361847
613965
441514
933773
642598
719499
293044
152707
210944
521229
491249
112162
269297
525443
596477
94850
782202
384358
781958
285530
475419
713765
889729
680643
92662
987847
272430
438345
969172
74329
691734
830831
953042
503706
220099
233919
205999
981118
348425
10850
589395
595486
717476
877145
546342
944922
483148
225808
287398
506760
86009
685972
397237
877490
617665
735847
850114
946771
527845
788469
198060
109011
351769
230437
747490
552437
2912
182956
884906
944068
663358
559822
832587
777088
44571
332692
593454
751589
977326
591547
859338
774993
775602
683059
959559
458723
392403
557589
88837
489687
552098
424171
962135
60369
11168
158646
57433
739100
761272
257250
312730
140613
958796
757397
259117
725937
384735
430324
637708
824844
579747
364473
898395
649850
90018
861291
890326
682213
762082
603278
986130
442965
569433
938503
777417
199375
175129
940325
824596
587079
752292
813857
631707
490056
532477
949747
929290
533191
356873
548712
120893
223299
179466
651322
269851
343127
892901
600782
822599
293039
100180
538845
375566
731254
975245
150270
911475
619518
63266
535023
681171
564368
426740
286549
245480
41395
662807
360222
110811
612793
116002
402747
51133
233107
230600
341925
284874
109754
335325
854752
285777
976814
325295
624090
829622
206280
326263
374945
577251
996773
854707
313715
628744
905488
787537
759719
448996
555120
40104
655794
958287
272638
795522
620441
180459
168966
928107
828585
90327
614030
604528
714578
917821
751380
780416
934051
788698
230278
728960
710540
281865
70930
131567
115405
497674
491522
505302
939822
482573
150133
835309
573795
758941
76762
807002
395227
373122
352890
995712
917149
966624
865228
795623
195768
399280
762043
438857
610128
750283
223784
585529
825175
718192
430450
216246
852956
601203
915653
36292
384455
99061
246983
381339
314060
957577
428452
586416
33906
694947
865877
530638
959822
688108
656449
655721
177949
852780
543606
957789
393641
639727
187947
308745
415992
939706
712890
405302
841974
125548
895722
587949
917318
987818
980956
82064
678269
756949
702511
540090
492770
309631
989750
119944
581440
540672
409247
626480
291454
264484
70778
303600
129798
900887
37641
904206
700763
34323
868280
605176
771017
6330
184265
615713
395274
702364
133951
41407
684418
568596
134251
804902
158346
76071
887341
442666
32936
612167
363610
474394
683679
201951
612145
27651
354316
174312
941384
314705
399450
654579
66576
899927
855892
749136
494089
465349
899938
758692
119084
618020
132949
991276
498068
792654
932715
845519
154712
931909
244893
783123
881148
812784
484841
287456
717900
257213
209361
701864
364086
595940
569584
802382
557309
939556
169964
182921
778963
84103
926163
114814
338860
885580
105852
236091
6765
343768
740197
191124
388116
250993
392494
967306
259589
642024
648272
307201
839211
608245
693163
461944
203308
808317
687022
784149
858963
876687
264860
267464
277720
688501
424315
997283
742367
636606
770762
901707
2823
426093
172332
82503
14264
199159
160100
146030
742288
241317
494377
475039
354283
915110
837710
717187
211988
390580
949188
290197
491312
95336
454622
310072
969752
816287
208431
187437
413793
916640
421339
607460
238147
125384
880888
639523
222371
110400
966214
12736
147570
132119
75141
978518
943619
294543
955761
495092
490273
211322
215284
65563
233101
821440
457816
750980
322290
25946
876768
562203
789890
792083
453899
704841
685038
809915
712276
503718
155960
397194
377768
167627
424682
864962
427968
256404
603265
446731
641064
654216
1700
900448
468865
158490
194290
916566
810478
821501
607376
756592
777086
999329
902593
214453
772859
353819
837271
46885
556208
585680
644962
804145
909168
745581
381318
717388
916750
992848
898848
393862
491756
835504
960942
487585
603724
105160
14668
989740
814839
914288
756631
299971
959318
549048
658692
706576
757234
891007
735181
772589
200354
887418
349734
901578
717285
84325
199802
658065
559792
783649
92228
989264
655876
451062
937822
90574
158327
907758
718592
922056
726304
886839
110140
499855
666074
728496
859683
516037
730756
92092
680986
217172
806227
861665
686250
187847
381766
793758
731250
228737
368175
966634
731306
830134
454914
218844
46324
411197
378336
229979
226675
916274
366524
869915
463928
791510
44314
747744
680433
93086
843151
727910
354161
631434
100822
91482
58524
875956
66601
716015
277551
475152
939733
761727
833414
920951
695194
283365
390694
117177
812953
167245
425455
517450
387140
9359
738909
483813
901260
8712
532497
188676
653015
631500
8892
701490
178793
813673
545829
494010
287518
459944
414934
668271
760575
152853
635417
481929
334380
244605
420314
774330
269403
763178
982607
907994
40915
647719
185722
822735
786270
716311
879687
269653
222363
982285
151030
205838
109710
960744
769340
90787
570907
490779
127008
70451
395922
521154
236507
780979
708872
624347
183407
739923
216615
309833
692109
937143
404670
989890
263989
168451
836997
900839
287696
676897
907967
296394
271503
605224
247931
670210
932239
504666
173350
888519
967806
208420
764737
60647
618174
687560
36061
889942
270878
143591
207095
696879
271494
502645
97570
340989
119380
269361
903174
189960
877714
332111
526919
644360
855194
344298
323333
560741
422138
961088
373326
411803
712630
804517
76696
513225
616801
356106
886232
621266
357677
939898
469018
495406
387683
417311
828884
893962
204644
557581
278774
188850
402832
150114
730402
182521
918185
267674
478404
840325
583186
464641
556615
718310
309309
703348
867026
609911
343109
229450
223826
626874
120253
805603
425998
424893
759340
111768
937003
529077
884867
512242
587032
646280
548535
621433
454300
437017
24682
365700
629194
554928
880890
85081
922335
965699
357351
895136
157041
546513
898666
730665
313738
271292
785974
241265
461998
820042
352867
142759
229536
154311
279829
115363
322583
8742
649651
314118
11976
608689
327040
170398
678310
923343
991103
118394
863345
669116
413611
708851
169790
943647
180397
523992
747868
362994
587568
306066
840782
725629
620607
460924
356079
460926
117296
38361
209795
699170
87276
307601
591585
467795
147787
409428
255201
373280
217156
983540
308458
704513
800192
842030
181380
756548
452257
265358
698504
326194
138364
79350
834133
733704
112359
440192
414240
997905
338329
701684
433612
566280
483044
689556
514071
391121
420308
845213
574729
461222
417157
82495
107277
607116
429197
141377
718064
948391
761626
990580
603452
79828
444680
11274
756517
56934
523296
43240
105786
889494
425791
321665
931067
861478
371925
58849
519061
420155
204883
625059
391779
396069
655878
207454
556257
845902
526234
544400
891557
800793
347309
593185
683667
781086
501790
262396
233539
6152
158649
864618
52721
724506
711607
328591
705306
259898
887173
463829
701465
618297
870643
866203
836503
531021
488595
787590
364076
339627
540450
815308
643912
311011
26675
993709
473936
690019
202281
440106
966684
311914
408083
581483
527117
488769
104649
538728
766168
646750
389155
837733
789836
285260
970533
313077
996747
392573
457302
256884
560893
394064
516553
768780
843833
829746
913759
47104
260768
857259
17467
931761
878678
89230
177785
957501
956499
696436
881913
328725
513399
323222
560465
536315
88673
166668
269910
844240
38351
854856
611735
720833
519350
698554
745450
579859
104150
528847
516032
687535
916610
984094
481486
541138
26565
175787
162053
209142
8896
146305
170649
74989
703132
818104
811004
977360
330017
630367
764427
639578
784449
140764
186271
209519
703504
427589
268982
907731
875528
36709
471008
31201
437889
582945
869469
989967
992459
831656
862859
412563
744944
530861
767067
950383
719744
972801
141156
778989
109837
137096
506995
683032
734101
801817
806047
278735
517150
833852
840914
87659
886284
913661
332922
152013
326692
787145
688583
141193
732148
332979
906728
287018
874566
430871
72486
400883
329676
138629
369151
827644
856162
599053
731577
874554
126966
292080
391441
455668
668554
442475
355963
92310
590586
551059
377717
251774
747402
881622
16814
648712
805876
334529
365280
995372
286722
21935
503147
272546
369258
518765
304173
535477
459476
633641
644519
441906
864925
770348
671815
828796
540612
250223
380923
426052
685140
546569
754282
301107
518892
937014
707988
52725
865783
721628
7365
362021
916362
290459
55873
715756
784801
789984
109975
607753
142370
787351
128265
916064
835574
957306
386650
760544
268621
440749
96793
173379
492359
821965
493216
174702
304259
346810
675546
846911
616727
586713
359858
684029
240100
319060
758423
555202
385819
904487
499032
418151
219067
129402
463789
83093
537194
818661
24544
481383
929132
25533
434973
946956
851869
397342
424373
793041
914017
906690
153244
941345
599966
192085
199763
709846
733243
671101
918008
987630
8442
905957
376695
98325
285688
436873
835760
387751
874501
509411
509001
610436
920609
203530
312648
425803
649042
890033
96830
806704
369476
378346
250693
801188
315328
688352
1644
905162
449640
798880
13143
163120
130651
742854
620495
574657
141940
199226
682855
496648
335192
494519
215127
103604
207848
112828
962554
341018
277575
628687
721605
350215
654043
471244
293685
131125
858468
325786
552688
320881
335924
589861
680881
372404
995935
345958
979925
970740
820684
915623
73370
16871
403754
235826
588550
970959
558046
436393
785266
908177
104677
712529
40876
72644
17359
71582
836841
446665
703379
596975
738165
568562
123985
904462
648990
450875
440345
450657
217785
356607
780594
737305
4462
819404
4597
432817
505933
582671
929556
945086
863709
45610
432621
692949
337328
256707
527509
571377
419211
316114
559162
624180
4136
911389
809733
739907
869884
128091
485982
200380
345750
933728
570626
92564
624770
316329
161700
200140
710407
514265
422700
808661
282730
132677
751148
696780
49521
757797
439928
388091
697490
650315
723626
957228
562083
603929
738128
30150
902979
26755
812779
623706
386407
746650
998513
238260
870041
476413
127306
391374
194715
260412
266777
784652
969847
788885
227052
943358
562343
201743
97659
427388
123249
719159
790915
259963
949298
491224
111704
665103
439032
58281
486275
907098
2222
580823
539834
896953
254887
474356
203478
381488
608832
781579
477620
702866
92783
195740
773587
812788
611966
144700
875156
166010
682534
881102
956907
723645
864286
321711
862044
908248
271418
408200
710089
994196
670885
362567
607749
524806
790546
764997
35125
245723
300139
478815
175417
199052
475912
859128
251196
335203
52523
354487
29386
724385
970159
484150
184525
843967
846896
771708
152082
581604
498320
420292
240544
784019
144265
404584
311072
84003
859243
53619
323974
113016
526738
787547
394349
67345
808150
125579
763044
164951
643506
333344
744013
233375
264438
864970
461253
46752
967818
270854
20718
944745
586711
437437
546976
316210
884863
839188
41256
420169
423152
343889
669522
398259
992199
967349
387075
788406
121080
145230
270184
529379
138667
227176
201544
344343
843159
943071
840963
731533
61966
464202
341879
286735
644231
12656
361695
235334
32911
561113
871851
59371
106139
397142
366142
17960
683456
848923
220268
370223
854643
749123
600241
123309
586837
88202
289466
678606
772037
935525
837481
448266
620661
328941
948146
115865
605340
654661
17032
881429
647947
8877
501826
277615
410901
942869
473540
274259
390073
676837
133625
888498
138806
821399
591387
431820
946790
414445
106456
355898
15341
593790
291910
156419
60742
619231
312465
805182
112958
63680
545983
26043
661201
650716
326702
721032
8879
512186
820165
595410
999283
354875
97925
373057
352139
134546
315990
756660
483390
869448
630890
444261
102826
334779
37606
640985
267715
497965
698298
721031
736570
354531
651798
895938
786202
404909
327660
838656
298202
584902
295211
329928
667419
885437
437503
801153
640183
71929
188458
752777
965944
114119
57169
378694
928907
748864
163477
22757
484277
702153
875608
271132
833848
609445
194157
792607
455788
403490
695781
511284
120243
753647
982138
905870
1712
482650
364923
969364
486485
730057
6130
405385
182807
543261
599883
54064
540512
93942
260768
679979
563488
693820
624210
979446
15778
650952
251017
351268
566154
492186
420297
410659
371569
766137
541963
167342
391315
112348
86964
526654
161620
837228
510651
758924
447248
508395
101785
57547
562539
340360
576426
629723
243394
24863
633332
271435
890664
155313
481607
632777
621227
408000
731576
223260
967365
925196
611701
210883
520624
475101
691198
860794
811667
298971
469562
397348
12516
730836
20720
266473
119280
420481
195642
358648
160043
987069
367081
358610
741438
149760
403105
668343
223209
622147
428008
864054
133137
352066
780480
828717
585977
450049
547445
170713
526267
762201
838662
859355
981000
717177
786541
385216
181810
637092
233554
686699
827918
506730
540230
837141
985644
434299
546237
645387
614469
562631
660497
327630
381066
772394
642909
821714
100294
922720
514747
956646
235248
286552
831644
935024
662616
696063
704217
359296
636882
169230
168711
297697
183656
593750
978170
821175
351194
611729
257161
323351
776512
191449
858892
306553
121325
19834
140376
545763
628794
715596
440111
580928
860633
705044
689725
258637
189151
962402
144748
58616
627559
707528
745051
246668
391820
452190
205395
339949
981499
949768
80738
506279
985802
387249
281311
265032
140682
439818
691236
928931
917234
624462
64976
827254
272506
113343
593073
710100
809998
545637
479336
845933
886009
122409
637487
503793
888216
968949
524708
157193
98143
575975
861152
950082
390167
55138
285462
254848
617350
626363
809498
241633
969393
902562
657366
17497
576542
804859
545204
525966
669090
414616
283477
834550
614547
96678
149246
199098
281079
81752
114840
171827
857109
413311
145806
403693
130646
514432
160205
224952
420526
29844
91814
520363
284858
6212
99410
137811
380054
261741
396420
364794
866760
174665
836273
686780
961790
310925
647850
752854
792888
511170
588553
281386
487658
421012
452672
248519
486173
206925
613352
911477
616467
237318
215019
630418
683534
496503
639632
83758
862782
177833
1769
981923
105210
931019
248707
182792
967770
541894
105583
819115
814868
984606
313150
416996
703866
804314
90926
361136
553134
453281
336119
828469
26236
630683
909591
32722
787851
655623
754510
641373
999619
896027
597870
770475
561199
535664
847111
485129
376503
513969
316335
910993
809357
292268
167247
5553
254590
866691
102948
3978
332019
856319
861757
984970
922543
706848
917767
641886
876892
814355
744723
298339
374700
222596
637442
26568
353341
764352
638387
778503
296982
221065
593660
885873
239296
935195
9833
523580
703614
452295
899165
784728
968880
441284
897505
459669
804704
929542
717234
72184
703754
206766
667041
78986
831747
449686
761623
422066
584921
666391
765513
998894
547895
918925
452600
52057
641832
465446
831164
920563
789397
677066
57643
358730
650637
825801
535908
68738
703336
331439
227509
442818
430772
940641
33456
799834
512030
786794
61198
377006
135113
894416
951028
116612
919987
759665
128993
258438
473565
836222
587725
614067
531271
573198
740364
9739
935956
21034
718749
939149
186512
602123
309967
631820
272304
890579
636178
51271
823863
488348
158473
266904
691559
820100
303251
872034
23884
6066
699537
901897
538678
249870
995199
800317
587617
845068
541211
909264
736229
686860
698220
141462
870375
872520
78690
947753
823570
788091
485917
447524
956190
504127
183312
878615
469004
626866
810657
239908
59102
764935
864275
457043
434156
984916
485837
298635
34261
983023
539178
117605
811248
317543
44814
914451
146402
279941
389663
393958
800947
559848
690987
85976
95916
305156
910280
287476
437305
251517
221263
323411
362155
275123
287863
118041
330588
327094
795367
695876
753394
264055
631463
250722
275577
602332
685628
890292
371843
559206
974804
296224
235782
519297
727811
734511
145259
619263
19816
740659
262045
480278
381872
657026
407733
787275
2446
835692
177263
925540
192474
801528
13684
752292
254186
196079
765401
426519
847026
290207
819534
166215
911241
178002
641084
760793
321475
837757
642713
909404
515203
634834
332818
829867
38234
614842
813126
388833
616634
500208
213749
649000
817395
385075
955927
567257
792148
63239
881377
300735
298358
761909
494233
475301
661163
812393
181190
427109
45275
962232
16379
614907
738584
474180
631159
311981
951424
159206
837423
152918
735730
374060
964473
618246
827342
411624
713478
723366
134141
219248
450696
490772
478839
521109
145776
43634
922004
904325
687811
112401
538632
251139
329892
636345
613218
355243
486544
3800
34850
27426
467982
835241
484991
360927
338625
705280
467907
936832
189341
395437
968752
905763
381151
887683
802527
314618
404819
539303
949201
297492
278013
3438
800314
885284
197545
888850
283943
630612
600489
700481
452269
583867
975955
739057
92537
640021
131312
523451
779523
585464
494341
257192
561260
897332
22498
866356
20158
722427
254403
635082
869599
397893
704105
460013
854437
712405
456362
767804
271703
60416
154345
954055
832541
656619
942443
896834
162840
552047
378338
383938
630673
704440
80296
407819
892191
971646
607655
856570
757713
14113
383714
228021
565520
459978
545264
764532
808064
552784
522700
226234
711486
345670
556727
627289
711680
638358
146521
413849
891945
978016
757477
349123
595303
49391
309953
140114
108535
987049
423374
670910
245893
299649
776259
980410
370582
121721
515962
84540
344281
552140
722349
658214
477892
293900
21199
756076
616225
654478
894219
686619
762868
576798
401139
37325
15294
938387
826834
666321
326753
875632
927934
45130
951009
44210
974416
629567
803807
379770
607539
10822
601143
701500
254442
807757
701453
647096
445712
623829
996210
349863
739981
811937
78327
110670
946799
291454
924060
868919
988468
331579
582106
869391
652135
599723
813809
450405
887799
380448
235599
459148
31021
950871
126755
243473
288583
798408
465083
947330
814866
941448
706280
185326
935303
576402
276620
425720
216715
645365
783668
658333
958755
914851
349905
862206
870403
831505
678048
484888
850893
452696
891465
567068
118986
740625
153263
235242
93280
119747
798409
243592
954846
335442
951027
768014
740061
175562
152553
753474
885657
904246
591531
27464
905228
791404
834125
314144
975401
903358
459301
904459
603954
152033
637468
506719
108514
508031
147631
452247
575224
920039
479937
103380
301862
134885
867260
901963
1666
440091
574961
350182
724833
668036
777889
249447
424568
214164
782989
570923
669882
434677
175144
319092
961268
164760
295056
186909
249240
270403
725363
652743
892094
820808
39860
815212
34014
678682
108203
295741
900609
933501
796230
794343
741937
694247
421516
957968
825918
663557
301122
581666
550628
171349
768134
891688
840319
332684
250148
459808
904971
997237
518753
870761
897761
797645
183967
642939
433747
449580
793169
48371
704208
885087
240864
538633
11239
291111
486646
941360
114504
520326
189346
468885
102753
948470
559490
542589
67178
21910
863297
720810
285642
458558
741244
318095
923159
370399
415846
41634
864173
822442
7273
851997
326034
253697
284738
519122
926786
392204
784536
327576
409316
147513
635813
196398
416473
974481
605908
23472
824150
919748
667825
538808
889293
649688
868991
301803
31531
396112
213925
519940
654659
383837
772396
299070
635601
576669
663065
997044
547281
358237
759717
965437
249786
758961
290411
451134
303785
646946
586775
947398
398773
961138
871334
639197
88743
812339
909282
197381
218025
568200
857937
272726
160503
113663
572030
82852
925189
368535
288681
310659
69443
804696
148198
106632
759713
95790
147949
811785
335377
230775
580139
559697
678434
236361
733502
47199
952304
717940
713106
876396
767581
680145
862909
906018
751731
216446
932270
24793
632858
971108
841644
151084
248219
930005
282276
522370
592455
658780
762175
833304
916821
12847
91372
507157
152529
936170
27521
672382
895334
409530
196486
494882
707168
16969
365354
640837
680974
985098
245546
267690
779915
554074
814711
984846
334209
200227
101686
90303
751669
871541
731255
736123
308188
670401
747916
160442
712686
823700
508565
760014
842770
514781
878997
221635
427633
9806
317338
726474
827369
907679
203485
361379
952066
69902
235121
123299
33933
572187
238829
915306
927188
834228
74728
797462
651259
832213
731029
536692
452957
376279
756176
331030
578316
496500
426245
475616
48655
795064
121586
488266
680370
89023
533545
995691
499519
509372
419794
107539
517205
798570
675176
247728
893694
43203
429903
184908
594069
300659
932185
464170
637599
486046
275887
423420
468174
789205
955003
121047
686169
869673
230048
489947
272657
189124
251366
146180
615197
720428
859991
454834
771039
806914
350981
833447
303530
996570
710857
685331
122601
780760
715234
924055
217374
967756
732807
439683
569297
336234
183553
326376
962283
744991
861044
284447
35066
355255
567198
620548
74471
531616
139897
80871
144177
248315
265357
232135
547432
367013
406438
249124
5066
544681
58327
903408
243706
865002
712219
872620
461446
511980
740615
31283
98709
624220
474742
676845
395329
955962
717095
55900
15805
506769
389256
782483
783517
157633
36885
589969
931318
186322
216349
49475
523652
248789
536832
605902
219238
496730
367650
51840
644219
663714
455905
922719
918316
917598
540425
835668
596006
891351
558282
915302
184386
125053
529818
666105
604387
727609
284164
993978
590156
910123
334394
295776
245449
456470
769972
133880
292658
151249
449535
586655
269742
225762
185358
180775
110881
30067
588399
964442
461828
331127
882242
933715
389078
959176
576516
517993
190727
256156
167506
283368
451133
740815
906216
163757
605980
471627
28419
300966
642478
347243
402021
910693
466341
417186
153320
495018
500591
491506
220294
94894
394162
488750
468304
473609
864726
927388
762550
58694
375047
91840
676472
166301
385581
301018
878903
912329
826784
780702
79499
149241
444323
91643
879110
117409
581312
291407
196781
603879
686569
134700
429519
32590
930755
146940
768552
277565
38984
589565
967630
136914
524962
548828
481093
800963
347449
23768
628726
932236
876626
284284
817397
869403
466563
962957
521341
933364
878298
832055
892094
179992
261609
82738
466923
823166
611713
719506
628971
643887
852064
964051
559402
661252
893335
122090
677365
95942
20717
296667
608611
328270
732297
860079
489301
171211
966095
968509
153533
542169
990058
996624
475403
428486
653863
94282
878317
746166
3081
349800
620904
747884
125677
620317
77525
388385
673150
396975
922234
563792
897336
854300
752281
644164
579683
201524
621434
779685
410468
152692
857296
793800
155582
620672
996059
113677
528502
227551
491902
443492
962345
966616
319065
364961
429351
11297
819062
511726
139137
793857
277086
65799
557013
890313
101575
176651
166595
364669
217005
710878
360187
153562
822416
473270
497132
783399
714974
926643
981996
821490
513940
48279
120585
303983
512463
643499
531677
832510
898205
605560
110635
873213
275245
829162
799195
233795
101641
454988
611740
517579
838364
664173
10107
14181
878599
899746
986087
19906
96356
174806
469590
269682
102961
20992
503202
937329
395889
502740
586946
466374
956724
377166
460375
799252
333151
24286
286001
265067
317535
836495
743928
136730
352877
643901
787992
507957
873411
910096
742238
930147
810126
876293
526198
703831
819181
821943
421521
105091
791054
718109
188806
44998
70083
912916
251061
752071
676998
854301
78647
409187
296676
114102
222681
343709
995862
363937
629925
170905
851600
278417
649360
998188
514999
125198
657002
719982
893062
754307
749467
470642
318960
266028
307697
436782
259720
349912
302486
270003
741608
147584
73749
207089
713930
807144
382059
683151
727452
996066
853701
404777
631829
60387
353514
892877
549210
410051
660090
42425
291450
265761
604047
567741
115665
425185
420849
353468
826417
794876
613610
610331
151817
52622
611974
131319
374312
467008
402893
763638
994649
957693
698143
685383
723568
832693
173604
334562
736374
673638
76350
9711
598060
504362
858105
607079
22007
320643
510464
568341
971613
630819
474198
644709
831754
551559
932470
120870
159529
734142
962544
624646
384293
743595
275208
932824
414691
416446
466107
940358
260676
831216
741288
626659
932114
389052
497469
507080
214428
494824
639614
629778
725972
982572
377775
490605
788552
332492
534952
207530
338821
495201
799774
268580
124525
27824
691717
510487
833416
361699
11877
742528
422586
877304
248118
560799
64404
35213
818891
980225
500132
320190
951655
949367
829614
622181
349905
705952
847246
462968
764004
45564
7731
967371
455453
878003
586415
215655
42862
250609
477372
312062
712086
655135
135434
659743
394577
65658
930466
444385
556013
519536
43728
664861
904886
858866
490432
748060
884589
772945
177355
427633
898230
672277
463172
482713
345623
977777
421073
284699
700840
923915
374370
551534
853135
957842
658405
820883
802455
315392
230964
199677
605235
282817
880455
673733
719577
688547
441417
658914
253899
604221
403840
831365
72878
371239
543653
890054
154606
685376
118330
144604
2224
62314
424820
286504
283022
94134
129962
377164
661125
65384
663094
558343
853457
946341
202704
209643
670394
518236
960120
355483
401036
151065
32687
756562
60878
582497
743113
913475
847066
487214
96562
25857
747442
518140
651306
506374
818574
955375
511510
327512
420099
782435
794866
808674
979888
91377
886128
179755
902898
703011
283124
280883
278802
902506
247418
395159
716434
592935
201620
927548
568747
665207
684024
147460
962568
707813
564493
167122
349927
736007
231986
596239
102836
818556
937808
148987
458627
106252
986047
817535
739639
238861
273996
494609
537453
650961
971258
140467
794692
376365
163722
749296
414211
996098
302146
122013
174744
417751
299825
388959
16858
795792
584828
809391
669706
680868
403662
427501
464933
380315
900078
278679
602469
98347
203381
641818
901784
281870
732134
324235
854237
360049
963044
291354
456953
375829
187
280066
629815
111348
606548
257284
935045
934187
629262
735679
445304
605659
203401
360478
861223
546752
655381
624274
449394
665194
264432
705816
525019
112225
729463
421798
768885
214092
383527
888015
254611
261551
377055
150671
392442
248538
86054
672966
739749
214042
574888
900087
444977
860530
558523
405988
324595
485246
413221
566385
833097
618810
121193
310728
890504
967277
953980
770847
692550
892304
876000
661730
838278
196946
423453
581825
505736
85295
879869
230812
349149
986363
873583
751950
809327
42092
42520
986036
378682
390207
74516
935499
688670
710777
628474
698479
191914
336618
702214
497986
741929
465384
724310
664448
744019
78817
429562
716012
852519
398261
696940
712526
796886
549180
783183
397777
992878
959085
192000
198187
898728
967763
404087
378813
891072
119559
770876
664597
451535
494304
797220
629604
807310
278169
921155
823550
113148
864883
286161
453057
942478
758076
754005
729170
103606
786989
305399
454188
22102
362415
874820
377391
891207
823490
335895
132978
780499
354885
257346
764637
322784
438926
291817
875988
343703
714782
807588
391694
351023
296154
617141
2208
392797
826754
516812
590204
53847
63205
663030
994966
847543
78482
605030
383843
917599
897997
472660
348068
855766
95524
547982
68432
555269
301611
558219
155492
772556
72548
478036
242390
136896
641894
759085
227710
278983
319910
766714
529355
128232
473462
662934
943712
286297
769612
505086
177502
222003
403442
994403
39936
807177
126191
393337
514781
811309
35016
362408
135729
619554
576016
651084
798713
362144
310158
208106
441591
773757
233255
824534
275302
661592
518502
728188
388447
337390
471156
473512
59485
897912
258167
76411
378186
108039
677083
823117
120632
354359
40214
776422
406133
581064
68930
111778
198138
392368
949000
2662
282207
538034
117950
4070
71290
304757
708262
330244
994463
388181
203134
711538
24717
77295
207874
593714
344119
535454
86473
20638
534094
319403
265410
212127
20884
98886
134942
291026
15560
227585
922827
314204
323295
32083
632292
683280
490282
851352
6610
748336
213486
981776
203838
53266
173496
249335
126594
287782
986530
856168
112360
710843
462047
586612
48532
987328
250530
348515
837680
915956
998663
475499
185539
534251
676110
204148
786664
738881
458136
633356
530259
303910
64232
46517
764706
330505
254451
472185
226945
492715
915783
472640
215456
369619
746835
57467
431143
233338
400456
333529
778154
449068
763875
915282
385737
121046
863102
681467
697405
850787
202106
524347
345022
252459
26050
371410
217978
777920
205040
36268
697813
597265
198201
208568
19987
333654
586789
536971
643419
789656
366925
61968
318526
198846
798259
191562
359342
875730
724368
734468
256585
13429
749573
38573
900101
683256
5680
364714
201190
533774
738843
523389
63219
378439
443925
486682
710640
353473
982454
160523
659266
331152
840417
825676
217764
487529
71540
21561
797270
866874
696430
168408
639421
147561
714598
507489
884602
705792
517479
782956
558414
955756
383960
989165
820278
656128
931198
728080
439113
308525
27536
94659
450010
663076
314556
706112
739974
891499
956150
946001
152465
681698
131084
236359
572358
865416
829178
4245
255489
227368
16958
121354
398598
885908
338029
480602
594303
646600
647501
761214
12029
917173
915542
332653
486724
260536
350045
722427
714293
105113
68877
524233
832473
747424
847168
609964
781359
730250
596081
148820
567841
394886
7727
484727
314811
773248
447778
725000
493975
943150
595519
272158
466169
668788
621572
94458
176945
623128
997388
178082
532144
772761
808800
553680
741410
744958
169194
423269
662058
132823
231082
660110
857815
165105
891372
137940
978986
725727
912607
729330
676975
815681
248685
390257
585410
766684
577933
303944
862139
45008
308280
809122
763137
746827
67236
827518
148518
993340
102391
917920
679004
428481
590364
630313
667721
139109
635930
33203
711998
617997
504842
861854
121722
357008
204486
19127
553811
890906
531054
279575
627113
618409
673324
355261
27954
717602
219938
254908
665187
399094
553776
277311
774174
898597
682939
795087
576240
159710
383029
910223
238586
687177
405633
152701
159459
627319
847881
90480
634233
912086
767631
961904
509378
731301
145623
591932
507862
289681
27817
846966
17509
877881
274060
969419
148802
19895
643930
282473
133844
531805
203602
875866
192056
307959
159106
244730
756521
351865
85721
501339
501673
4204
42459
784915
305036
608038
780828
777597
980256
305501
730834
887567
969449
257125
938254
106852
46312
433174
320108
921437
346529
304855
84558
124907
314145
427679
440970
282351
565259
699021
486150
886421
537182
685238
921671
195212
307366
64525
142824
746442
892854
325987
130596
321906
772290
385311
404245
889252
535208
592416
54360
488978
422402
121184
869280
278641
873942
328124
204766
425329
418499
63843
457601
928151
103776
87622
745817
449653
714774
971804
278829
745949
823895
236964
44937
310971
519563
500136
283160
948302
118077
982277
350091
82918
170115
702464
969960
978712
466222
389002
976248
841683
162275
291825
870544
589361
673981
607580
198318
907988
382929
559329
622468
606530
488872
806194
324533
4201
142012
224559
360578
169379
551705
811906
744800
571584
285451
462297
456226
612472
89404
250108
238811
824493
635029
187521
874944
515
536982
234354
460549
339066
200697
634817
14468
243178
464705
949101
186074
952367
54306
153343
767585
685615
895491
749631
743221
634902
907191
135909
929732
967878
504580
7052
706979
798962
407943
417458
215349
526732
920052
419546
853748
829937
424519
769278
905633
760333
142547
850830
204964
515052
456764
972240
630554
810707
601621
875154
545963
659820
161142
724509
372599
44088
128693
881582
754493
81903
74164
62494
381320
961400
651915
185734
300634
408781
753686
586584
667573
693285
70923
153428
600655
653106
585449
663306
788740
669711
324307
405327
78635
919378
294914
370964
790254
420688
80074
643368
485729
668794
623893
132579
958311
244945
754485
158852
599532
389215
636366
951280
41326
34424
821789
320681
273288
289568
53705
349588
765712
331386
241750
219140
619873
918753
448404
115401
162552
240750
371069
460093
712066
475172
162102
159709
601480
27723
138039
881415
510884
34326
992484
51045
809071
223165
436773
8134
971140
978973
555708
892275
574965
257434
204794
86426
972423
962346
783923
123538
813508
8001
104567
865805
582665
336896
245219
850559
344801
375761
846253
96370
91067
40748
115147
127961
897821
815183
37538
611434
507357
964544
954755
441919
325317
313030
321068
872747
882295
748128
475361
542263
238019
408996
994026
260395
499658
498907
546605
978647
829364
944246
887829
69058
485662
127491
20149
908370
501277
315828
159807
180808
241003
174076
745963
906565
709590
158408
247901
927002
918628
854077
326170
270851
643706
754412
706368
596138
735745
969013
474732
925202
90999
471011
360086
543440
463706
179287
435901
624218
31207
235428
249707
284425
905916
407626
417130
789164
194744
153683
599642
518855
278479
920594
17370
823204
891199
681524
882963
217248
407926
776228
722790
831110
692491
569486
873768
651170
967933
523244
514282
252556
605269
969439
26220
796221
684187
689796
491099
317213
238798
283102
781626
300189
637329
248670
787794
834633
292035
919953
496245
761907
765857
154414
739091
500972
357428
146947
766238
128162
820534
975375
821196
893576
300722
82066
431736
183398
825515
141837
704805
547947
10509
822796
15097
803385
616945
125982
944011
32859
737726
545369
954285
269617
212872
83889
667921
612276
217235
909180
683475
792553
368564
677507
529805
704198
614018
249456
979405
685397
345064
386574
753475
568997
975411
7037
403518
543652
97998
725723
922902
287180
68094
968393
986777
939003
259224
127122
770389
502459
983101
185280
846510
505928
332703
636248
314780
375604
286118
965094
177804
247622
19113
480529
489321
521797
63916
733579
762369
652238
568027
989935
710721
293264
141152
796036
562495
95409
564143
71653
654032
476943
640116
623241
186056
574382
642572
911381
690514
249942
802916
207045
919195
880839
453482
288406
205176
662360
35447
842262
840507
309365
883703
257591
376876
989931
327406
566411
662534
449114
106796
41875
211973
179575
551850
152401
883506
48389
188837
638755
523980
324127
957769
130673
560961
176561
112333
285348
592099
878765
245773
75946
393369
337009
386914
263476
445115
425120
153604
158795
854843
288994
582010
251352
739293
896448
486384
239568
882680
620079
20204
358803
849447
630829
69500
317930
461321
46126
261608
899470
910443
125924
36060
711287
751714
558264
931472
80629
549882
815873
322623
223537
408802
129963
923292
926188
525989
717269
817307
380588
331736
645791
436362
833386
303175
820967
255927
920213
339967
893698
36074
561206
827068
98671
953645
684657
223581
920047
783295
509629
699852
639890
97396
627369
7062
197482
599388
704615
21885
350392
665039
261096
262127
391201
302404
819228
512176
291614
438056
719294
47263
172729
304763
497686
399864
32735
819298
765705
594575
925728
861987
449789
678572
898103
265546
906460
186405
180530
942776
902797
331249
907813
152184
857964
4159
367999
546574
36440
873563
601137
78383
872816
332411
739796
312044
192714
987779
91491
275013
95524
492702
915876
502454
532863
434395
715171
674311
633000
286911
862902
95611
524178
180306
597746
49718
511662
236019
842054
945909
352569
375311
547231
362158
813890
968991
263085
402365
855524
112263
610588
104082
895743
131962
965208
733256
340884
223586
559290
143978
833501
581304
608830
837805
607272
615373
287458
910199
285016
198593
357626
871449
736888
686281
333161
678211
442331
441825
730901
752226
295292
852010
286564
662717
543956
943020
402676
900318
412785
491312
19500
272820
151875
30159
865774
393887
377450
141662
251414
814612
214219
375231
503184
678501
614049
175649
829480
365386
196680
978175
499939
167657
262135
922412
774203
330932
506139
36543
323016
148468
86586
247069
280853
570810
652395
590673
235415
621671
683374
428691
269470
642570
631179
192957
949287
592349
143177
200309
842080
803795
314863
592063
949100
809766
749018
88886
766769
118570
127847
959593
330007
599347
846111
562382
974404
574079
241000
671698
335277
127109
994245
874384
583090
978435
989056
441160
53212
838069
282318
479437
537622
529367
939486
596765
270776
845015
183406
967803
764867
162148
515698
479444
829337
27776
378672
420291
976730
977874
69247
545641
201728
188656
499631
202622
650498
533146
199419
436513
674450
714182
740281
200888
393241
535948
16043
716150
451668
513973
761906
633609
998701
392666
626725
624694
165061
285509
617802
600889
812420
96975
387959
747273
206111
509817
253232
521428
166509
91875
825217
29358
744083
634601
719592
55518
366686
76326
430322
124791
459377
10571
684307
116920
70135
47294
64265
669133
217572
674367
896916
502651
908623
383132
84868
871333
734412
773611
860277
294066
772944
171798
551316
465082
582222
696334
906735
955159
843212
510159
162154
646465
347567
925862
830513
557710
127029
375375
290412
937854
516034
777680
137411
418821
183787
839715
198251
399373
221918
293146
880795
3873
281103
648207
420455
265469
354352
598670
473915
20452
715160
837355
760437
876600
190933
805765
520526
126900
771243
524197
100619
315288
681849
687313
59967
651466
881479
84953
162801
120321
306037
514408
668788
349587
597113
166397
639300
633231
629723
600619
439701
500088
744620
592230
22040
408626
775348
509782
649207
311938
983523
771016
75670
245037
600804
321217
229543
232388
114039
465666
689665
495646
880784
991100
875279
588963
66537
458467
974724
975408
98822
500157
345611
882906
179315
335227
972211
455002
830022
717544
25939
873442
518466
597034
488264
350129
168793
773508
7519
871640
419598
580443
889299
989026
951887
938093
171245
318434
488653
899734
462432
550691
387428
503892
910667
386785
926404
158929
382209
998116
167988
940716
630714
830392
474474
486511
712825
266632
370587
452343
690071
935351
326266
850084
672357
400540
954797
164796
264333
963291
473577
970842
985232
506839
899964
602876
508073
39253
278548
19324
132373
575020
681492
185370
404319
46712
174176
280208
316409
702853
670472
717167
662982
903934
37105
509117
249791
554961
202758
941874
678620
721790
727944
948756
308695
467779
19226
517441
152124
410417
626270
687912
349944
887056
706695
101049
895558
368203
755032
163590
451421
31792
334111
570876
442836
382756
413137
847768
487231
553896
302375
398708
861748
50228
626475
850043
438793
730542
880298
455206
296813
911152
790804
358382
234514
380649
58895
523868
509967
455041
121636
425418
513915
910026
84726
182151
406264
471565
853405
362025
976985
867594
27459
624765
292981
675283
750997
518284
720293
588934
885206
749857
70686
190757
157793
196915
901343
325230
972056
611285
745555
875631
158079
877522
644288
230850
104543
161361
211681
988770
264099
280790
447127
801417
305324
548351
644997
180959
422943
482403
589860
736581
833897
272716
621765
616954
280632
812560
291888
63261
502031
205019
813842
724820
177031
643448
536695
40682
631275
71775
626548
44182
656889
769227
95689
543067
301758
285798
528026
500442
96247
779713
728765
850543
898589
635287
983077
276823
811186
883270
21321
765591
596791
120670
835040
16471
488060
194580
998400
888950
968684
933836
869473
828934
127913
187372
71967
545898
271085
649296
996363
124147
830734
733399
419188
942185
277163
400800
626320
101325
256924
948899
967379
850545
736756
425667
366400
822564
532381
510836
645542
312178
482953
21195
665731
223957
357342
892677
43609
843264
652511
244162
413889
789329
670038
781025
934896
252829
560572
275146
591841
144475
776175
859270
627678
992065
709988
881040
459280
747786
816939
900354
995639
473219
766575
705227
887939
76121
431598
235858
653175
666824
938300
646878
508200
271211
81736
432567
323482
827038
629836
313530
988977
521920
318044
323897
299197
705261
501430
147229
493973
70805
870974
187028
854370
886890
459449
685797
364468
219361
984608
269093
657059
823115
62547
974799
44284
579527
732056
260391
279598
607696
557454
608669
630708
98083
439798
989502
768957
796752
957486
129966
993172
890393
101584
146542
436783
859894
372329
820394
302836
437457
100341
756286
477119
515859
132524
789458
749087
713046
25916
75615
12589
593864
73697
926881
731897
563605
482819
34401
861819
928095
191327
727830
360240
688858
60762
835387
803375
380509
482018
42854
570661
660305
394184
304044
713692
414603
258632
369357
883873
797594
673845
843218
283304
805647
223097
378309
363245
144324
934730
609275
252552
879660
763156
491751
815722
737024
215859
588244
322215
298157
348406
318460
241747
647094
106968
621992
506872
934400
33351
627716
630941
263233
642045
67591
234615
179006
750253
601482
74476
472971
596761
123186
310970
809586
47194
290482
972543
647197
400439
732646
110443
165599
239512
910584
536388
684837
294888
335545
32359
497673
462235
857260
94184
583859
409910
133121
11137
685241
16249
299869
645487
41130
695334
357209
897431
393021
4117
358397
38892
290184
314954
983458
549071
547872
267396
837276
370298
170206
545221
801422
709583
315141
770654
616284
163998
513983
924714
189313
174161
523327
448748
751085
947944
618564
300600
407518
637347
278311
883428
996680
934273
207793
151826
150239
753943
56459
750439
681458
893151
103880
381922
816972
774397
892612
46616
358438
431822
784202
956055
722696
500838
233114
480150
77375
857874
427886
848685
110954
805647
105039
424147
30927
838248
19301
479608
632679
286146
912947
349136
405507
890276
201807
228629
630826
971915
788037
799037
351878
62866
854576
43405
183650
495303
71656
442215
936348
710388
302539
518981
888540
111240
596480
687810
134203
453576
267217
871427
760171
176241
941857
223545
959901
740918
131373
573080
919699
640501
993021
248403
397918
289670
624196
170064
641863
718497
982412
986424
948173
358217
591754
167563
456327
672731
689422
666518
924277
951887
642335
161281
53458
376611
436537
368355
692223
477636
593137
889242
554268
987643
768181
679542
545437
977884
578808
145762
118026
903120
178010
759960
17243
990365
802906
303056
500902
325177
989877
204841
546065
593061
837410
693528
553735
518205
19609
212271
880935
751083
787056
250837
229890
681882
152457
708668
73185
533559
676761
742297
356588
664470
348244
495660
616796
415062
683496
362252
59138
283269
595808
912351
842418
494146
36752
648417
412748
516274
880047
85512
96983
227788
448605
615363
993340
467613
649593
984030
181398
270990
316139
947472
914739
8127
550086
679470
129082
412992
598073
264395
666353
960476
109444
194299
154454
540588
470115
975851
28929
345108
869453
737475
804297
872746
555251
445264
321532
835534
242542
278092
706264
159204
292177
896194
441467
680776
876819
170744
33777
658325
115321
299434
609860
468832
365546
373688
507606
682220
808806
386616
141937
825543
701999
864272
28787
827205
234397
508755
248884
401006
118803
511264
724569
527426
240122
398455
646301
983901
289789
581772
693434
750115
638432
193757
876807
743966
51642
600635
867832
822305
382198
685879
37591
894571
160087
813238
773903
157937
823167
946588
472966
39372
25329
370687
727515
433150
646273
994501
598711
125290
311643
369614
598249
594227
524644
815445
282930
282643
243997
559464
371323
927847
220338
634212
454839
666671
964303
364595
703716
623798
764497
430767
190145
256158
97046
814065
392838
333390
52971
526161
604025
127201
226926
706945
112172
936582
187351
328447
604123
301705
79534
556388
252897
810856
977164
43813
556545
433010
246336
43153
357764
748922
87312
543109
711996
770744
762403
687984
334388
260360
869485
75427
973308
578637
733665
90098
41763
912066
766395
143220
830918
83074
327033
778541
694092
837019
837064
854251
105975
560581
50649
318686
705547
296078
66934
621505
379395
16691
875045
621356
982186
830181
797646
121372
572395
476975
734803
325785
966302
16212
601510
880348
575305
716916
545825
100864
504863
210877
981711
305798
450250
445272
757144
153411
360578
50962
366759
91266
799206
433083
843538
101595
340233
314593
979451
207970
734563
143826
564585
676153
611737
923735
144636
482454
362809
609469
672920
887803
291126
350554
818038
411017
693766
65152
433203
447050
166963
554034
390694
224009
594946
416353
273454
544334
659076
583539
39236
661573
706443
932915
160093
107827
797522
743623
729324
669716
604601
985538
791850
910794
480477
417105
499522
784402
979048
552646
528466
196919
16362
733375
256995
388279
153335
808894
707379
418222
500160
554960
882088
885000
778845
279955
482364
510660
614815
138312
137691
675413
811260
147768
446117
585082
280207
578490
294210
11729
814458
228499
572471
660913
569326
29549
86490
59070
73439
166226
868873
172035
619071
297958
276613
449823
810077
393646
147271
603897
327493
2445
760289
295540
650897
38676
660688
156375
551833
245222
438443
695148
882622
823385
241502
969231
845726
96034
502178
97912
980260
755577
938487
82667
566345
95015
505955
335051
62747
907971
588705
113547
668241
59475
279474
472786
864956
712120
607186
32666
257997
515409
459216
445110
20948
165531
277765
287354
405701
459351
642355
802360
212104
782066
418624
243726
836265
253232
407427
73825
843514
583487
530854
400452
942727
349566
917048
132918
304448
378647
809167
136825
13844
789525
438753
331991
366244
35347
106125
524656
298919
561778
135241
694693
270122
281789
748489
768033
892074
548967
545406
597544
505524
655225
833038
696009
772367
191241
49352
930154
116138
862140
902259
878183
901906
276826
811677
209806
721956
113896
161149
37922
137384
763747
391463
528254
804776
37370
326875
761933
771794
595802
26816
526333
991543
822991
624509
446069
623380
60825
167325
233696
156187
830926
994218
874012
38264
237729
555984
642986
501316
533195
174125
715669
618221
600584
764332
270882
750490
208996
122183
380323
6071
156451
119202
145790
160277
944331
31805
564649
431758
600990
536656
855379
514855
492825
876238
506356
974681
80934
844431
819407
283129
114013
224614
377610
505470
842098
993730
506526
428103
694353
137920
280813
329840
881237
323877
66327
35185
743232
353836
762416
990047
196930
76260
841921
180498
391707
756055
273067
284649
346736
845793
361799
659771
271884
844568
774893
856256
43580
965281
21378
21790
381915
950785
590116
928302
242514
553565
110573
934514
902053
912733
640352
951158
765569
881467
314481
813903
487306
323075
970068
153027
530251
656069
927782
900293
631720
369300
976045
137207
324903
819329
651463
441632
131100
507176
901835
315983
460459
842875
148502
224402
151875
413289
684232
126859
892696
491412
574455
660434
946250
567959
319549
241005
186278
525042
456557
908516
655420
456303
824497
360827
945324
964013
561852
430997
555015
847331
72994
607316
276485
449089
956367
690110
889184
141082
230906
30821
18644
209230
528849
465453
711527
253029
890405
290848
559144
139710
200025
692326
609696
898299
399443
73009
823394
689005
607262
155600
266918
532108
598385
403508
466463
725252
111075
430791
410749
35751
84995
471259
791158
923998
632639
24876
933496
986722
750090
102793
40990
151765
484706
204876
499369
815631
361040
789400
751987
199000
668288
273650
449809
946882
834101
413601
736491
151324
389834
505591
602491
889356
637946
516186
128642
549114
625312
454454
888654
77677
303028
46871
325516
288224
185504
963667
350946
290642
670797
363814
472745
515828
462090
637290
960730
302774
6478
71940
587618
917142
288070
431012
758367
222554
625181
537708
427333
12083
31687
816680
491578
93717
460984
552014
720497
420450
604197
738379
935228
778630
354247
987870
698757
754320
976169
378667
734998
887398
476354
661839
316496
113427
480127
202685
140606
519875
614360
859575
11272
679561
699289
773316
653682
669613
78114
316593
781007
92866
522303
108941
22065
654103
468689
870398
331840
714907
811569
883376
254470
846562
371441
324962
65206
979132
968815
688059
757509
346321
470305
559522
870754
573744
287364
439433
395954
833782
645086
811612
448263
383834
712670
562647
223628
758389
181571
40928
545974
431698
449851
650440
633441
730637
704977
693097
861995
239114
754686
954446
227268
869286
889790
502689
98797
601045
392239
495839
673897
390178
943654
386138
172505
695594
231162
3638
666852
474357
778080
565997
87653
795017
364285
987660
337088
228115
363256
297964
932073
159553
762387
292072
752764
687377
496394
945597
81640
326377
998707
856241
717161
418165
515490
510579
901910
835061
90482
482735
608927
915786
4094
183071
580567
583508
599424
35678
672141
290337
894644
983928
225314
489909
68399
57639
938899
849587
523631
395086
700406
31062
826921
765503
288173
16622
394505
210127
54739
567173
527797
55593
726541
143558
574884
3474
828999
27417
701766
832678
194580
35491
214247
333429
392102
653329
89771
507876
662248
326023
65223
842908
697696
37461
50128
176040
357198
77191
491310
371562
504312
922118
725522
783882
908501
696715
544205
879243
225873
22147
522543
12092
45894
873142
774089
996678
642463
20062
574243
515169
648887
69786
325406
460286
640986
206778
703006
908510
873815
230421
799247
486079
493164
622701
540658
371727
643824
694944
322897
355019
189458
69883
605557
351452
456497
808991
19645
397508
824704
790827
711736
965333
158345
421609
132695
789458
900042
880962
579607
722952
94168
244286
489827
157088
226169
669200
30406
468095
887302
841611
369699
457505
450671
143142
780296
274988
551736
125907
270650
471892
963756
383305
554488
839875
960291
689486
231845
159049
439801
504533
533453
259317
471889
400022
807116
953606
517248
791475
898844
972527
192475
284460
589208
973035
145971
294581
768645
673299
405269
693563
612525
438166
903346
977991
413943
535120
63168
863886
89578
816765
49549
635400
539462
867228
509706
232644
840862
536615
97948
312785
115695
745824
521939
956191
757956
849671
645860
868419
882828
702087
840018
899465
24689
141440
456159
96376
282180
565595
574238
789544
167092
531098
975521
661137
19957
204649
71609
882125
512480
730489
492854
342667
100769
272706
787312
439850
409060
221508
412746
710339
381026
24536
492289
96006
753824
285839
421426
220116
592905
160985
856664
258399
430674
514715
887573
391505
516724
407663
531453
227050
133594
906394
829183
675171
996319
874739
657837
672350
173686
834258
977365
279307
404296
401869
501575
874540
446839
137766
339851
711827
50554
739947
863714
596157
914575
170345
86299
413348
735980
382740
196013
764516
358079
824733
497224
88479
514782
91285
815969
121766
779129
895409
887279
199710
441888
701691
186338
622588
781082
433548
106352
12349
492059
997311
50806
745558
30013
410776
454138
295365
622964
38942
493165
648140
674818
222384
1590
943175
250132
986536
603551
666128
571431
563451
215521
495535
100872
396868
235065
818601
858214
753324
355773
382053
573144
940996
226935
218823
465446
783742
832681
224586
635869
258707
408985
659883
575773
760730
917656
209801
480506
478612
196383
415763
439938
258545
260650
528236
108535
970059
891041
897883
115080
869288
634753
94644
441231
846242
449240
914800
314018
768551
782856
723995
370501
860853
992075
676127
864842
535990
995320
935811
968965
905119
890208
82328
447839
625783
968750
652348
437718
524728
640546
951361
89480
196063
702508
761764
298307
676537
807430
529156
986073
70074
961610
204139
690079
844356
321862
513342
996702
28756
694428
432381
690144
330892
798954
515044
895180
90808
318586
814564
528731
254060
468365
596589
839888
610959
493911
825928
61095
148831
972668
329279
58734
461615
400957
539527
806145
869953
438837
109613
228571
853262
417715
72861
526300
452171
813116
691536
951896
783044
410799
580374
12973
701257
336723
856293
686609
604368
73132
169804
439134
585210
186939
793876
421770
501043
466610
734478
944038
270552
497867
482761
171968
902420
181189
658905
245723
689840
237657
346387
946229
518192
299185
42083
153682
578405
829209
311142
288740
950631
989418
756881
96447
611753
720166
303474
835627
955038
66616
503306
675724
798530
811977
57521
785360
24112
748260
127309
27532
298271
266333
298750
585019
782391
177487
733790
906137
946559
759729
80114
802357
667330
597695
126374
558247
802330
465630
836881
685207
793604
674180
638352
808423
212896
564349
6372
158183
189130
295920
22120
532772
430214
962766
513289
422758
957328
858291
110079
921337
208787
96623
103990
419280
336449
985779
941766
147550
791667
389507
932887
77818
145962
134469
651446
930193
490693
236445
859222
301307
352467
906428
470980
296162
626951
743875
107852
199712
757960
525127
224793
620609
512880
20821
529549
351266
27034
877051
880027
404026
248657
851984
88818
325847
566809
757169
669565
243734
828366
626822
93838
286874
898433
837326
302873
536933
211630
644587
557141
240561
362639
790302
948684
911905
525345
156568
811330
783208
303964
676929
236589
322141
826462
265325
873767
660429
728650
962916
272065
483343
59674
510180
978249
119594
711656
784829
121174
313768
127968
442760
98156
515703
263098
675397
127776
612539
70070
240764
56105
905387
189635
370443
497065
757593
996327
63534
163397
139571
998000
854257
114762
251644
700300
985672
592591
445990
273210
90630
852048
671680
451583
727195
942839
23259
123436
89941
71853
523373
860429
820150
138909
279384
518302
487191
770025
661777
31235
787576
173963
637267
23383
699394
217899
470907
787753
897367
364364
661232
562338
862377
825708
673791
973775
328157
290570
532982
138505
319524
565978
182893
915231
591429
150299
124264
154854
228230
766482
795980
753388
925474
750922
334789
942150
780320
942588
297310
962267
986453
654964
165552
547987
214114
495671
837399
554662
787986
663908
643857
317292
448453
979358
410204
159098
832125
921819
655367
718941
884670
839378
615532
127127
147572
930772
857069
507589
667314
73050
545132
87178
719187
720813
441466
812221
811068
523086
346038
809228
495672
518577
694004
935637
843052
55967
150062
583994
592717
131750
287500
344542
754105
101175
252629
574518
339804
232446
196702
346226
565616
280213
258553
246142
290199
767061
386601
784658
676960
974881
835969
674387
722303
484629
839745
515463
137407
985808
83176
596152
567926
532629
32043
409357
145321
821994
107045
657797
102791
24227
492786
140651
819259
953516
122629
882800
470172
728094
531640
683751
315300
229357
918947
537780
2254
793101
625958
918172
874758
30244
980854
132999
500376
820004
617472
252044
713692
452307
68772
620927
240051
811491
533811
645628
799132
706351
493682
614135
461243
586194
454217
590468
45924
174987
552790
946348
914097
945736
834219
108205
832093
248158
914544
235157
914014
696662
734687
812949
688573
464645
954455
506700
391628
212050
651319
920297
964931
719336
795167
788539
422993
836917
664836
210588
663710
369009
846488
914691
451594
783544
600558
9536
78841
476693
138063
804531
292508
758513
837585
358355
523194
677262
760183
253934
824807
72032
80919
83863
910094
690239
563301
819895
360635
409571
541010
532422
698485
14881
866717
333589
993216
324525
494111
660619
884074
23210
467469
850946
839728
510966
563167
155863
233016
347599
36289
871987
507819
616384
542057
144744
5139
163859
772210
670121
216846
844023
506199
323146
564592
165922
246565
719182
197074
92036
91074
510927
527801
673659
311656
934697
936434
665607
742366
75492
734421
737672
516846
673845
185804
982719
576731
750136
179234
619334
825830
633978
594469
417217
930686
737117
185441
771495
565193
397973
817625
202625
162306
327692
175752
583373
434807
170451
744763
290134
669503
825873
574023
827258
986504
787200
375513
807541
668696
931512
891817
314692
752239
419756
788527
942627
341725
492408
645311
26855
502712
818292
553837
410492
673334
408801
809223
709491
933823
449600
97222
79937
419094
861634
31976
865856
931994
700572
936626
852725
581746
836626
181198
991436
4686
721820
13525
787866
624512
915848
792007
8747
837159
944717
529398
616086
190499
52391
166948
364624
130525
246655
398569
256139
958098
753229
833648
372271
529163
569466
261672
26501
368856
792375
464564
134473
893999
625964
439874
694473
651382
432762
603164
888972
38409
52437
323140
64435
446498
25810
470928
825308
363261
637966
231705
119898
778246
791765
333197
152093
790079
328871
436896
415141
89404
922768
876007
862775
782924
64706
804904
318973
217692
885165
715326
649691
681485
652121
739187
683527
155691
856376
207572
30536
242431
823617
674227
500184
124329
636311
716379
254360
84940
320909
462365
684715
698986
437322
172887
720243
343526
977280
660419
680278
51005
215792
233016
222388
999842
766957
49406
998308
119851
432073
815991
521186
936474
180527
589302
81476
502300
676814
587645
923519
311246
641381
895460
21361
365958
774268
443896
334071
96147
728989
226445
33633
481677
707012
713358
582980
711130
631293
111035
103522
24367
280424
857698
578939
718106
741191
206881
594999
873940
515008
841365
293587
594558
908800
935290
720209
898288
138456
204335
773086
712186
488909
716993
585492
62125
737414
914059
443835
236252
286933
966427
574782
750670
749397
552894
503200
342062
734516
947268
126225
943205
550559
359429
853995
251959
400339
866231
66166
761591
378671
189241
991637
630063
904961
376164
53453
586960
413012
868821
209881
293084
950521
628860
59571
339937
166782
77688
854471
553821
397628
255273
985885
443741
930321
785155
735502
157390
22557
535227
79987
472952
179503
178808
304387
690188
633143
269508
55658
33798
758158
631665
558584
734274
731566
162049
853498
235619
637111
598957
532365
140368
549535
364105
108173
250731
97504
446583
847077
377761
504787
619581
445257
549173
974761
339979
365729
378
91783
71412
848078
829615
582911
475576
458641
973341
484662
720521
431961
263008
440971
538649
492907
557708
60632
561023
955905
70329
934913
809642
456600
250370
85656
385006
383139
343105
712432
494420
667042
612044
840127
686682
948879
384883
895920
384985
487468
851887
228963
223708
549705
298969
6199
770914
693360
375281
11851
958792
470339
662226
911333
536841
950716
190953
232222
168618
628972
267725
396164
555694
32389
968989
967177
76369
913519
91350
359819
770861
1241
562842
661425
19588
13998
687509
589996
924412
38938
603264
753097
809094
268548
39814
953097
87165
166086
576808
304633
278831
388258
126177
970165
52467
724521
807291
22091
862648
618281
781679
341931
540549
447532
562060
991655
124495
508055
280118
632266
342925
289074
869246
538583
156626
851629
236058
694109
572407
378754
907902
818093
978642
6892
446180
461551
298799
704531
526625
346693
724940
584094
925422
524331
189632
197636
572068
740851
343543
335530
623689
973803
157474
2129
205729
71066
123408
108308
362627
337569
959829
117640
357558
609694
783005
485193
683265
532233
520276
301740
818225
635484
680356
223742
155637
337050
804710
246872
730028
523161
829
629908
393827
670059
538978
829919
584038
388442
682033
841620
388401
137221
980625
115542
162010
87029
320122
218064
636891
303366
855735
246108
401266
489919
273909
903636
863436
266680
474273
309807
300194
883613
580075
15815
26337
956614
548381
75888
228129
41430
406750
82912
13270
468033
338700
238907
389360
951808
620105
891279
5663
352298
205680
551360
788410
600074
985599
135123
363087
176823
47115
836810
291067
960354
753788
358787
522901
42826
873580
150284
319224
220739
902085
185064
48422
886454
18884
452646
220908
574414
432827
375609
839881
58161
948500
304006
609799
830165
710497
226762
787904
738197
815807
745518
204628
141336
654928
524888
980173
8950
901666
62096
315527
804803
318332
543587
204239
132422
699876
933940
863753
900589
642926
130144
678833
644638
796068
646501
195952
175655
164369
593747
30590
849619
299733
824562
527754
264249
392769
222010
794329
89694
87321
381685
420040
89623
459035
389406
130610
984149
89452
453409
427262
477342
441207
254745
338638
644022
979119
192401
45706
779305
305715
770330
307942
843831
127659
346779
175213
138930
879346
660008
442011
639419
873592
708639
479720
149790
462292
395084
139755
357290
1390
661603
109632
931931
291396
487570
328072
842055
605894
738776
677232
748336
254163
958180
18493
284875
632154
921407
182594
221404
8060
598831
583890
631874
253776
655482
740938
195904
217063
598243
207605
642436
568076
424325
105364
548088
22913
995511
817358
116658
362390
233940
704842
486791
157541
82766
174133
273894
491745
676115
620326
882623
911396
788074
683613
483471
666676
713777
947735
34305
174917
686939
169665
626956
446168
404176
532047
498322
936328
999927
389187
924020
872371
753744
976113
954031
498141
626062
319678
841521
784957
188756
81280
56600
79948
838667
659737
964438
18976
820894
839965
855909
522778
222318
713279
308099
523387
344818
70044
667760
783754
751887
468238
925675
828504
832622
336643
868891
389446
118458
508727
781496
643983
980713
918069
833782
871755
790142
800466
166497
570822
984858
564073
721957
341467
737545
354997
201551
736180
500714
81891
821404
819287
127875
231013
710879
857944
234832
653840
513659
437230
628009
193207
981472
343990
524223
221144
19085
624443
741242
884241
900157
111521
799217
714664
142076
987378
256431
779666
628555
552076
775510
859198
865475
444561
226940
562831
518614
207736
778843
444339
345890
822859
799324
508482
320606
284333
793916
308870
12171
11946
204190
39618
599552
328179
748336
965007
370984
417708
452591
302161
591856
812542
200537
743888
583942
521463
102492
729359
246204
877543
14836
993059
814149
180902
923700
144450
258684
866953
260861
848946
952369
366937
110303
524056
740271
176308
830067
419099
328570
490342
836232
303279
543262
488670
131059
711833
208355
942115
623579
65949
504362
62679
510473
304764
732905
48734
341631
760870
321074
699764
241466
908
923124
511623
609660
345750
886507
630456
926650
396404
580702
208229
290269
51949
162077
198001
603564
145249
800243
687017
624317
472621
230827
65192
227257
722527
299294
316741
841737
252897
484161
652283
960381
785663
312256
547205
750224
634132
404031
222612
989708
433445
760023
821064
589375
713607
542308
349816
545364
738051
23741
606545
751995
600094
659985
925505
906456
726290
239197
137576
579922
553446
759326
451728
209950
11836
938481
215512
401164
29930
542055
253484
178147
607825
460034
928482
955078
423436
989529
470698
905995
892257
437434
266881
847210
170926
248975
924079
97021
185516
794737
499237
822817
77544
614555
993241
945648
399772
492769
72768
422315
211164
990444
281200
576062
428533
581603
983782
638982
606453
38193
914121
101272
571840
862453
702974
501757
386148
996896
338500
255789
941064
52356
256404
245208
149942
259087
830499
299010
482176
178831
81173
672570
398528
694148
696973
348832
200721
238666
266011
3443
904897
156912
278501
314781
854734
793803
451671
252874
745360
58933
447013
625119
528955
950975
790664
581499
501997
430942
231922
636290
923635
290095
955168
370179
105689
313637
11599
470498
155324
269051
317212
350824
503329
271683
683105
303824
264498
710709
294614
346806
209933
578270
408493
844044
531396
871144
838733
748260
184866
752981
785801
714428
295062
22187
777033
112389
511962
463338
594429
762626
864136
385718
361173
140817
898899
417364
685474
897484
994746
177999
533561
312648
219229
244271
25959
622239
241654
697158
157788
728763
552991
699331
512643
410493
609076
177748
184362
847896
263832
103017
500913
159252
156966
21755
478248
339436
557629
527818
142691
879778
956003
173899
841799
357900
848490
148855
516354
582681
237543
401817
796514
449918
132023
657952
120433
974836
584146
460970
623624
96836
610492
889775
191393
803850
528409
792990
897661
555509
184558
764049
119898
190714
21025
12494
199048
790657
711027
6081
500187
918197
551092
333139
1609
865189
373276
269935
645454
508594
176933
402509
782077
776718
812419
860550
977412
621106
986756
194551
871255
403263
928748
130110
984894
917804
195890
758706
539850
502436
888182
53447
206580
921231
227030
681482
737426
850209
582603
873676
782628
524289
728785
158866
983278
926184
533188
419300
168633
4866
886099
848199
725973
211576
720211
187158
381063
515057
159820
4288
438777
638069
433811
98800
290372
314245
255370
692999
730856
932994
839814
16164
373595
955653
672401
452141
743457
222426
973642
235967
176743
471739
989476
808305
946002
648459
742069
441342
57603
504161
547372
753243
752175
401119
997868
441755
835246
982701
987261
765008
32081
366341
755507
108907
373220
15083
348962
269976
712135
49110
173211
990816
139186
596712
56314
280932
549155
622074
318528
136677
168600
782730
413813
546746
838733
291371
252427
232929
833702
324731
569704
81588
117786
820340
416258
452088
514046
395704
231633
421106
731917
55495
711622
693109
215194
230150
211644
484063
866971
668366
99514
661878
737392
56568
485614
232984
555627
320978
906006
125534
83198
769673
327933
862647
757288
788736
455930
926845
921800
458018
924179
650617
672624
534492
964390
254682
522462
373154
991169
728740
865061
131906
575653
260304
446366
540343
910067
663266
994388
832667
86085
381835
65377
884281
227053
479261
337330
83382
898669
664207
791550
312521
35082
8408
34901
569825
183742
548054
920904
866315
344263
926658
633893
855630
418533
365958
545149
598866
491750
983747
740089
62156
405052
962366
114568
303853
565235
580021
381436
101501
823595
830498
154235
369307
507941
824248
940524
953514
289153
955327
960137
193933
787482
104918
352379
851644
468714
927718
358446
442598
60447
363795
299517
235211
21412
762102
989496
770079
174476
493860
728996
876150
960792
260863
518953
305841
194148
379627
281003
848314
602073
960833
958962
96802
75608
957339
488202
491736
749786
485564
289048
58079
119938
803656
453041
756000
583322
645970
731159
462553
23983
583816
822774
916636
367230
283116
300758
128470
614221
416851
963125
375823
314073
821725
854416
498886
19195
620757
402030
134138
381952
415720
895358
772498
375284
272298
527169
799331
146861
862229
454238
591947
565875
161922
239932
25900
989454
96870
508135
347181
55776
902723
806053
366661
667233
825790
554769
885089
776159
864112
698163
988892
925515
75254
764063
984676
22489
362480
972947
983677
436801
555929
868831
622502
410969
655206
740617
378098
362204
37093
654426
157749
46745
693354
402515
274163
268755
834277
426847
63274
51630
651548
802234
39405
832866
486343
773461
123484
787413
134510
354591
652370
141084
341698
119931
949663
223002
164460
631801
442840
425448
257329
397541
764836
651930
897227
56935
15577
711882
632735
175758
786219
172419
217936
992481
445062
808175
30032
740097
116108
380756
52830
454869
389697
710602
980657
319106
354483
310994
561918
929201
277398
422239
919095
706225
999548
158922
972689
907773
401901
585020
272158
202765
249365
463103
960245
236748
365016
2043
399125
689161
757398
589665
808654
375149
892320
206956
306921
844855
107552
699516
353472
389064
631884
670931
782110
682349
174970
727936
138838
998979
918488
737831
964455
536971
748505
669109
190032
594041
961386
508051
240994
483253
357502
850596
184346
808071
149537
483916
378780
904268
728493
913480
669361
717401
317657
225349
764627
615715
837862
773612
820740
315767
316661
664231
881159
258951
331999
664363
105466
394159
152357
530449
336602
901843
825219
656983
769405
792072
323470
250618
997838
29878
181517
89771
617706
383003
269986
413324
943463
383976
22005
284833
474489
944267
234047
775476
240523
329464
259907
730901
154364
11048
7028
913545
538919
677050
32995
391036
318950
6337
77584
282503
620149
239492
658082
105759
582415
181904
918168
183553
242171
143461
877826
39740
890800
801254
938108
24099
424876
70316
529944
887789
920604
623695
816212
693112
366145
470249
416265
568051
950024
495661
830734
185622
924623
662859
601069
29097
771963
1687
153204
946179
328276
563788
95214
853786
393536
98039
490847
116318
720005
321639
878890
966564
969713
240302
961207
708465
427131
975962
212
978124
279153
470043
202871
347460
757213
939388
127468
697571
105965
81360
836789
165677
626073
261217
889110
129765
348581
769873
93872
711527
424876
331111
705927
289836
177187
901801
881772
761673
634488
791163
444376
234866
239172
642879
938055
307587
983320
188179
689748
871338
800894
210690
456360
603311
586955
216013
754251
117495
331513
963970
919051
44011
594748
693258
39442
42372
518755
35386
767319
563917
599802
964317
687134
271457
328967
791312
899703
199485
13046
830442
32262
702129
85400
446516
393027
175925
781654
740340
219704
657121
471420
459631
988340
267708
43089
206700
407607
376843
905487
497250
323181
781939
156806
102730
960832
619534
68154
365271
791319
384578
963293
354313
767290
636794
427715
744170
617041
693106
732378
401257
726416
640651
269020
350845
391747
49253
870435
885539
319798
533889
214735
456042
693686
833281
777568
758874
920960
465767
133369
357007
80286
508651
721311
704002
522961
58265
973113
701646
653535
435155
170871
890275
341896
561854
981047
517343
411498
331969
803501
575167
232962
125251
846427
96859
488530
861505
949947
242487
441309
387353
859750